0001101100011001000100100
0100001100011110001110011
0111110011110111000011110
1100101101111011001111100
1101000010101011100010101
0000111111100110110100001
0001100111111000010010100
1111000011111001110100101
0010110100010010001100111
1001010010010100111111111
0110101100110100100010011
0010111001100010111110000
0001011101010101110100110
1101000001000010100001101
1101101101010100011011010
1000100111000100111010111
0000110111110010110110001
0000010010100100110000010
0001010101100011000001011
1111011011010010010011101
1101011100101101001111010
1001011000010011011110000
0100101101010000101010001
0000111010100011000100010
1011000111100011000111110
0001100000101101111011100
1001100111000100111100101
0111101100110000001010010
1101110011100100111110100
0010111101110111110111110
1111010010001011010101001
1111101001110011011110111
1100001111001101101010100
1011111110011011000110011
0001100000110110001100111
1010010000001000001001110
0110011010111000010010101
1101011000101001101011110
0010001110110001010111101
0111111010000101110100111
0100111110111100100011111
0000100100001001101100101
0000110010001001011011001
1111100100011100001000001
1111010011010100001100011
0111110000011011100111101
0001111100010111011100010
0101100101001010001000100
1101000010110111011001001
0100100101011010001001110
0111100100110110101010000
0011101010111001001010110
1101011101111011010011011
1100011000101001110010101
0001101010011111001110100
0001000111001001000000101
0100111101110110100111001
0010011101011110011011010
1001010101100110001011110
0100111000100101010001000
0010010010110011001011000
0010111110101010001000010
1111000110101101010011100
0110110111101101100000000
