0001010000101000111100011
1000001000000101011100111
0001100011110100110111100
0100101010001100001001011
0011011110000111111101110
1110101001111010101000001
1011010101010001100100100
1100011101000011100000001
0110011101001110100100011
0000101001101110100000101
1010011101100110000111001
1110111111011100011000010
0111101010111001111101011
1111111000000010001101011
1001100110110101000001111
1001000110011100110011011
0011110111010111110000000
1001011000011000110010111
1010110010101100111100111
0000101000001011110001000
0001101111101111001101100
1110011100110111010111101
1001001000110110010100000
1100110101101110111001011
1111111000111101110000110
0000011111110110101000100
1110110011101110001000011
0100111001111011110101000
1101110010001100100101010
1100110010110100101100111
0011111000000010101000000
0011110000100010011101001
0100010010100110110111001
1000000010010100100011110
1100101001100111110010101
1111100000011000000001010
1011111111110111000010101
0100101101011110000100111
0010010010101001011100001
0110110011001011001000110
0010011110100100000100000
1100011000111001110001111
1001101010011110001011010
0110000001000010001110000
0010111000100100001000100
1100011010011111100100001
0111100010101011110011110
0101011010101101000100010
1010000011001111011000110
0010111101011101011110011
0100000010110100110000100
1101001110000001100000111
1111001011111011100101010
0010000110000101000101011
1010010010000100110101001
0110001101010110111000001
0010001010010100110010111
1000010110011100000110000
0100001100101000110101101
1111111010001000111000011
0000101011101101001011111
1101111110111011100110100
0000110011001010100001100
1111111000000010010111000
