1111001001001110100010111
1001111101000101010111100
1010100000000001010101111
0110101010000001100000001
1101101000001110011011001
1010011110001011010100011
1010101011000001000110010
0100110101100000001111100
1101000010001011001010100
0100001001110010000010010
1110001010111101101100111
1100001011001011110100011
1001010100000010111010110
1111001001000001001001100
0011111111010011001001111
1101111000010000000011101
0100010110011000110010010
0010111001100011010111111
0111101101101100010101110
1110111001100001111001001
0110001110100000010111000
1100100110100010011100011
1101001011111010111100101
0001101000111011100110111
0010111001010101001000100
0111110110100100000100001
1100011001010100010111000
1001110110101111110000100
1101110010011010011000111
1011100110000011000010001
1001000111010001000010110
0100100011100101001101101
1100111111110101111011111
1010011000010011101000100
0010101101011000101010001
1101100111010100110001001
1010101110111110111101111
1111100101111100100001110
0110000000111010001110101
0000110011001101110000111
0001011000100101110100001
1101100000101101111001011
1111111010111101111110111
1100000001000110110010011
1010111111100100110100100
1100101000111111111000110
1001111000101011001111011
0011100110100011100100111
0101010101000010001110100
1100110000010110100101011
1111011011100100101011001
1101101100010001110101001
0110111111011110011100101
1101100110011100011111110
1001100010110001011010111
0101111001011110001000001
1010111100101110110011111
0001101110001100011100011
0101011100011011001011101
0000011111001101101100000
0010101110010011101001111
1011011000010011001001110
1000011101010100101010011
1010000010000001010100011
