1011100011100011101100010
1101101100011010010111110
1000111000111111011010011
0111101000011000001100100
1111001100100101001110100
1001010101010111010000111
1001000000010010111000011
0110011000111010100101110
1101010001111111011010010
1100110100101010110100010
1100110000010111011010011
1111010001100000110001001
0101101111100101011000100
0100111110011111001011100
0101110000001010100011110
0101010010011100111010110
1001000101111111011011011
1001100010111001101100011
0101011111111010100100011
1001010010011100110111100
1011011000011011101100011
1100011011010111110001101
1000011010000010101000111
0111111101110101100110111
1110001110001111101111100
0111101101100111000000000
0010010001111110001110001
1100011001000010101001001
1010111111101101001111011
0011000010000101111010001
1111010000110011110110000
1100100011010000000111001
0010111111101101100111000
1010101000110011000111111
0111000101101111111011011
1110000001011100110110010
0101100000111010010000000
1100011101010011111101000
0101010110001100110100000
0111001111001111010000100
1011110011011100101011100
0010101011011011000001111
0010011110110000011100110
1111111111100011011101010
1011010010000000101111001
1110110011101000101000101
1100110010110111011010011
0000000111001101111010101
0011101011000100011011011
1011010111010110110011100
0101000111000101011000000
0001001111010101111001000
0111110001000110100000001
1001110000100001111111000
0010111011010011001111000
1000011111100111100111010
1101001111110010111110111
1001110000011110000111001
1011111000011000101111111
1100100001000100001111100
0000011110111010010111011
0100110111101000110000111
1101100001000000011101110
1110101101011110111100101
