0001001100010110001101101
0111101010111001111000101
1111000110000010000111101
0001000111011111101011110
1010011000101110011011000
0111100011010110111011010
1111100101110111110001000
0111111010000001001111001
1010101001110000000011011
1111000000001111011111100
0100110011111011111100001
0001000001011001100111111
1110001000101001000101101
1001001000111111010101000
0101101000110001111011110
1010000110011101010111000
1010000010100000100010100
0101011100001100010111101
0111000111111110001100111
0001110010001011111110111
0010111001111000000001111
1011000100011001011111010
0001101010000100100100001
1111001010110000010010100
0111110011111011110100101
1010111000100111111011110
0101000111111000001100010
1001110100000000001111001
1010101011011000110000000
1010110000001111001100001
0111100110111100001110010
0101010100101110111100100
1101111010000100110001110
1011101101011110111000001
1010101101000100001111111
1100110010110111011010011
1110011011010111010110110
0010010000001111011100000
1100001011101001011100110
0111001011111110110110011
0110101111100011011100111
1000011011101100001110101
1100101001011110110010011
1010011111001110101011110
1111111000110110110101010
1001001010001010010011000
1100111010010101010010111
0001000100011101110000111
1101011110111100111001101
1000111000100101011011011
0100100111011110000100110
1111011011001011110101111
1111101110100101110110101
0110000011010100011110011
0010011111010010111010110
0100000101100011010100111
1010111111111010011100100
0110101000111111101101001
1101110100101010100001001
0001001110110110110110101
1000000001110001010110100
0010110011000010101010001
0001100000100000110001001
1101011010011001111010000
