1001101011110011000001011
1000011011000110110001111
1001100101111100010001101
0111001001111010101011111
0110010100001010111100100
0011100100111001011111111
0111110100111010100000101
0100001101100011111011101
1011111101000100101100110
1101100000000111001001101
1010000011001110010111110
0101010010101011010101001
1111110100000010111111010
1110001100011100111000110
0011001010000101011110011
1110101101100011010001000
1011110101100110100110010
0000110110101010011100000
0111110101111100011011000
0110110101111101010100111
0011001111010100001010011
1110111100100111000001010
0010111111010000001011111
1011000111001110000000011
0010111110011000010100110
1011000110110001101100011
1010000110110001101100010
1111111101011011000000001
0000100111101011011101100
0000001010010011100111010
0111011110101100110100000
0000101000001010000010001
1010010001001111010111110
1110001101010100100110110
0011001010000010110001100
1001001101101010100111000
1011000010100000101000001
0001111111100100100110110
1000110100000101011100101
1111011101011011001000001
1110101111101011111010110
0110001111111100100111000
1011111101001110101000011
1010111110101111101011111
0010011100100111001001110
0111001001110000010100000
1111101011111010110111011
0010010101011000111110110
0100011011000111110101111
1101011011000110100010000
1111110100000010110011010
1001111111100011010101001
0111110101111101011110010
0110110000000011100101010
0010011100100111001001110
0111001001110010011100101
0000010100001101100110101
0010101011010101001010101
0110000101011110101100110
1101011111111001001010001
1000000101000011011101101
1011010111011110010010101
1000111110101111101001110
0101001001101101100100000
