1101010100100111101110101
0101101110110001101000001
1010101101010100101010110
0111101010000101011110011
1001111111100000000111111
0011001010000100011110011
1010101111100011011000010
0111111010000001001111001
0101010110001111111100100
1000001110010011100110010
1000001010001000011011000
0010100110010111111011000
0000010100010000110110001
0010111111010000001011111
1011010101001010001100011
1001100001010011001011111
1010000010100000100010100
0101111101001110010011100
0001101010100100111001010
0001010011001001111010110
0110110001101000100000111
0110011110101100110100000
0000101000000000101100011
0100111101011111001100011
1110000000011100111010110
1100010101111101001110011
1111110010010011011010111
0101101100110001101100001
0110010010101011010111001
1000110100000111011100101
1110010101011011000000001
0011011000110110001101000
0110001101101011101111001
0100010010100001000111110
1101100011011000110110001
0101000001010000010100000
1000110110001101100011011
1111101011111000110011011
0000010011011000111111110
0010100000101000011011000
1100011010001000001010010
0000001011001101001100101
1110001100010100100110110
0111100100111001000100101
1001010101101100000000111
0010011100100111001001110
0101001001110010011100100
0111001000000101000001011
0011100011000111001110000
1001111010100001010011001
0010101011000110110101010
0100001101100110101111001
0100111000001000101100011
1000111110101111101001110
1001001001111111100000000
0001101110110101111001100
0101000000000101100011011
1000110100000110011110101
0001101100011011000010001
0001101111110100110010100
0000010001010000010100100
1111101001110111000001011
1100011011010111011110010
0100001000111100110000010
