0101011111111111110001101
1011110101000101101001001
0110000010101010110001000
1101001010000110010111110
1011100111011001000000111
0000100011110011100011000
1001111101010100001000111
0000010110110111111110101
0111011011010001001010000
1001100010111010001111010
0001011000001111101011111
0110011110101000110001110
0111110110111000100000011
1111011011111110100011100
0111111011110001010010010
0110100111100001011111110
1001010011101110011110100
1110010100011111011101101
1010100001011001011000000
1000000110111011011111001
0110111000001001101100110
0011010100011101011111011
1101000011111001111110000
1011111100010101100100100
0101000111100000001101001
0001000010010101100011000
1101010011101001000010000
0001100100111110111001100
0011110110100011000000000
1111010101000011100011100
0101101000110101010001000
1001111110101000111101110
1101001111000001000110010
1001000011111001101110010
1101011110100100011000010
1100001011110011010011000
0110100011011011100000110
1111111001101101010001000
1110110100110111000110110
1100000001010010011110100
1101110010110100011000111
1110110100010010110110111
1001101111010000111110010
1100101111110111101000101
0010001100101101001001011
0001011011011011111110101
0100010100001010000010100
1110111101111110011010001
0100100101111101100001101
0000001110000010100101101
0001101011010100110011101
1010100000110101111101010
0110000011111000001100010
0011101010101100001100011
1101001001110101100110001
0110001111010111000111110
1100100110100010010011100
1010011100010100100110100
0011000011001010111000110
0001001100100010000001000
0011001100011111101000111
1111001010110111000001111
0001001111110010110111010
0110111010000111101100111
