1100111101010001011110010
0110000001111011010110101
1010001100011110110111110
1101001110111111010001100
0100110101010110101111010
1001101111110111000111010
1101010101101010110011010
0000010110100000110110001
1001000001101001001011000
0110000001011100101010001
1001101010001001101101001
0100100001010001101010100
0101010101010111110110000
1010010110111001000111111
0000001101101101010101001
1100010011001011010111100
0001001110100100010011000
1000110011101001100011110
0101010011010100001010110
1011010010001101110001101
1010010111001000101100100
1101011101100011010000100
0001111001110101010010100
0101000101010111111100110
0001010110001110111100001
0000100101011110010001100
1110111000100111000001101
1010011010100000000000000
0110110011111011101010010
1011010001111110101111001
1011100000010100111100111
0001100000110101010100000
0011111000010010011011010
1101010000110100111110100
1110000100010001110111011
1011101101100010101110101
0000101111011101100001001
0100111011100000011011001
1011000010011111100110010
1010001011100100101001100
0011011001110111110100010
1111000011110011111100100
0011110110111010000001011
0100011111011111001011100
1001111001101111111011110
1001010011110000000011101
0111010100010100111100100
0010110110100001001110000
1111000101110001111000010
0011001111011010100001110
1000111111100100000111011
0000011101101101110110110
0110100110000100101000001
1001001010010110110110011
1100101010101001111001101
1010111000010001110110110
0011010010010011111000100
1100011001001111101101100
1000101101010101010001110
1100010001101101010011011
0100101100100011001110111
1010110011111111111011110
0010111011001101001111001
0010001000010110010101101
