1100001100111101010001101
1111001001010000000011011
1000011001111101011110010
0110101010011100000100110
1010000110110001100111110
1010010011011011001000001
1110101111001100000101100
1010000000001011000110110
0001101000001100111101011
1011111010110110001101100
1100110000010111011010011
0001101100011011000110100
1110011000001010000110011
1111001001110000010101011
1000001011111101001100101
1010101101100011000101001
1001100100111101011111010
1000000001111111100000000
1110101000010101111010100
1010110101010010101011011
1111010000001011001101011
1010110110001101000100000
1110010110011010011001011
0101011000111111110010010
0100111011100100111001001
0010000110110001101101011
0101111110100000110011110
0110001101101011111011101
1001111001100001010111101
0011100011000111111110000
0100000110011110101100110
0111110101111101011101111
1000001010000110110001101
1001001111111101011011000
0101000001100111101011111
1010101000001110010011011
1011011101000001100111101
0010100000101000001010101
1000001100111001011111010
1000010001110010101011010
0001100111110101111001000
0111000000001101101100100
1000001010011001001110010
1000110001111111100100100
1110011000010100000110011
0000001110010011011111000
0101000001010000010100000
0111001001010001000011011
1100110101111001100000101
1001110010011100100111001
0100000101000001010000010
0100000101000001010000010
0011011000010100000101000
1001010001100011111011001
0001111101011111010111110
0001101100000000101001001
1100101100110100110010100
1010110110010010011111111
0001101100110001111101011
0000111001110101101100100
1100100111001001110000010
0011011000110110001101000
1110100111001100000101000
0001110011100011000111011
